1695920312676 0.0 1
1695920316861 0.0 2
1695920321491 0.0 3
1695920325398 0.0 4
1695920330651 0.0 5
1695920335223 0.0 6
1695920339172 0.0 7
1695920343306 0.0 8
1695920347923 0.0 9
1695920354067 0.0 10
1695920364698 0.0 11
1695920371887 0.0 12
1695920378750 0.0 13
1695920386707 0.0 14
1695920393939 0.0 15
1695920399171 0.0 16
1695920406769 0.0 17
1695920411387 0.0 18
1695920415917 0.0 19
1695920420109 0.0 20
1695920424652 0.0 21
1695920432298 0.0 22
1695920440766 0.0 23
1695920458810 0.0 24
1695920464585 0.0 25
1695920469446 0.0 26
1695920473578 0.01 27
1695920482445 0.01 28
1695920488999 0.01 29
1695920493329 0.01 30
1695920497373 0.01 31
1695920502405 0.01 32
1695920506793 0.01 33
1695920510908 0.01 34
1695920515351 0.01 35
1695920520705 0.01 36
1695920524519 0.01 37
1695920528677 0.01 38
1695920533533 0.01 39
1695920538345 0.01 40
1695920542786 0.01 41
1695920547167 0.01 42
1695920551332 0.01 43
1695920555390 0.01 44
1695920560709 0.01 45
1695920570668 0.01 46
1695920579064 0.01 47
1695920583027 0.01 48
1695920586824 0.01 49
1695920590376 0.01 50
1695920594799 0.01 51
1695920600025 0.01 52
1695920604490 0.01 53
1695920607867 0.01 54
1695920612017 0.01 55
1695920616449 0.01 56
1695920620220 0.01 57
1695920624899 0.01 58
1695920629399 0.01 59
1695920635154 0.01 60
1695920639401 0.01 61
1695920646821 0.01 62
1695920656666 0.01 63
1695920666156 0.01 64
1695920696360 0.01 65
1695920703294 0.01 66
1695920709337 0.01 67
1695920713506 0.01 68
1695920718330 0.01 69
1695920723005 0.01 70
1695920727496 0.01 71
1695920732396 0.01 72
1695920737193 0.01 73
1695920742413 0.01 74
1695920747946 0.01 75
1695920752789 0.01 76
1695920761216 0.01 77
1695920769537 0.01 78
1695920791628 0.02 79
1695920800048 0.02 80
1695920808810 0.02 81
1695920813124 0.02 82
1695920817518 0.02 83
1695920822303 0.02 84
1695920827233 0.02 85
1695920841067 0.02 86
1695920848331 0.02 87
1695920853590 0.02 88
1695920857696 0.02 89
1695920861522 0.02 90
1695920866191 0.02 91
1695920870122 0.02 92
1695920874015 0.02 93
1695920877601 0.02 94
1695920882034 0.02 95
1695920886048 0.02 96
1695920893861 0.02 97
1695920901671 0.02 98
1695920912288 0.02 99
1695920921477 0.02 100
1695920928647 0.02 101
1695920937413 0.02 102
1695920944387 0.02 103
1695920950336 0.02 104
1695920957160 0.02 105
1695920965247 0.02 106
1695920973001 0.02 107
1695920980723 0.02 108
1695920987386 0.02 109
1695920994152 0.02 110
1695921000484 0.02 111
1695921005794 0.02 112
1695921012609 0.02 113
1695921020159 0.02 114
1695921025429 0.02 115
1695921030247 0.02 116
1695921042252 0.02 117
1695921046349 0.02 118
1695921050256 0.02 119
1695921054443 0.02 120
1695921059759 0.02 121
1695921063856 0.02 122
1695921067760 0.02 123
1695921072127 0.02 124
1695921076160 0.02 125
1695921080278 0.02 126
1695921084659 0.02 127
1695921088698 0.02 128
1695921093254 0.02 129
1695921098324 0.02 130
1695921102786 0.03 131
1695921118676 0.0 1
1695921123126 0.0 2
1695921126780 0.0 3
1695921130585 0.0 4
1695921134528 0.0 5
1695921138087 0.0 6
1695921142522 0.0 7
1695921147019 0.0 8
1695921150825 0.0 9
1695921155712 0.0 10
1695921159819 0.0 11
1695921164251 0.0 12
1695921168582 0.0 13
1695921173437 0.0 14
1695921177649 0.0 15
1695921181748 0.0 16
1695921232117 0.0 1
1695921236566 0.0 2
1695921240647 0.0 3
1695921245589 0.0 4
1695921249686 0.0 5
1695921254160 0.0 6
1695921259491 0.0 7
