1695920312676 1.0000000000000001e-07 1
1695920316861 2.0000000000000002e-07 2
1695920321491 3.0000000000000004e-07 3
1695920325398 4.0000000000000003e-07 4
1695920330651 5.000000000000001e-07 5
1695920335223 6.000000000000001e-07 6
1695920339172 7.000000000000001e-07 7
1695920343306 8.000000000000001e-07 8
1695920347923 9.000000000000001e-07 9
1695920354067 1.0000000000000002e-06 10
1695920364698 1.1e-06 11
1695920371887 1.2000000000000002e-06 12
1695920378750 1.3e-06 13
1695920386707 1.4000000000000001e-06 14
1695920393939 1.5e-06 15
1695920399171 1.6000000000000001e-06 16
1695920406769 1.7000000000000002e-06 17
1695920411387 1.8000000000000001e-06 18
1695920415917 1.9000000000000002e-06 19
1695920420109 2.0000000000000003e-06 20
1695920424652 2.1000000000000002e-06 21
1695920432298 2.2e-06 22
1695920440766 2.3000000000000004e-06 23
1695920458810 2.4000000000000003e-06 24
1695920464585 2.5e-06 25
1695920469446 2.6e-06 26
1695920473578 2.7000000000000004e-06 27
1695920482445 2.8000000000000003e-06 28
1695920488999 2.9e-06 29
1695920493329 3e-06 30
1695920497373 3.1000000000000004e-06 31
1695920502405 3.2000000000000003e-06 32
1695920506793 3.3000000000000006e-06 33
1695920510908 3.4000000000000005e-06 34
1695920515351 3.5e-06 35
1695920520705 3.6000000000000003e-06 36
1695920524519 3.7e-06 37
1695920528677 3.8000000000000005e-06 38
1695920533533 3.900000000000001e-06 39
1695920538345 4.000000000000001e-06 40
1695920542786 4.1e-06 41
1695920547167 4.2000000000000004e-06 42
1695920551332 4.3e-06 43
1695920555390 4.4e-06 44
1695920560709 4.5e-06 45
1695920570668 4.600000000000001e-06 46
1695920579064 4.7e-06 47
1695920583027 4.800000000000001e-06 48
1695920586824 4.9000000000000005e-06 49
1695920590376 5e-06 50
1695920594799 4.999952249068857e-06 51
1695920600025 4.999904498137714e-06 52
1695920604490 4.99985674720657e-06 53
1695920607867 4.999808996275428e-06 54
1695920612017 4.999761245344285e-06 55
1695920616449 4.999713494413142e-06 56
1695920620220 4.999665743481999e-06 57
1695920624899 4.999617992550856e-06 58
1695920629399 4.999570241619712e-06 59
1695920635154 4.9995224906885685e-06 60
1695920639401 4.9994747397574254e-06 61
1695920646821 4.999426988826282e-06 62
1695920656666 4.999379237895139e-06 63
1695920666156 4.999331486963996e-06 64
1695920696360 4.999283736032853e-06 65
1695920703294 4.99923598510171e-06 66
1695920709337 4.999188234170567e-06 67
1695920713506 4.999140483239424e-06 68
1695920718330 4.999092732308281e-06 69
1695920723005 4.9990449813771375e-06 70
1695920727496 4.998997230445994e-06 71
1695920732396 4.9989494795148505e-06 72
1695920737193 4.998901728583707e-06 73
1695920742413 4.998853977652564e-06 74
1695920747946 4.998806226721421e-06 75
1695920752789 4.998758475790279e-06 76
1695920761216 4.998710724859135e-06 77
1695920769537 4.998662973927992e-06 78
1695920791628 4.998615222996849e-06 79
1695920800048 4.998567472065706e-06 80
1695920808810 4.9985197211345626e-06 81
1695920813124 4.9984719702034195e-06 82
1695920817518 4.998424219272276e-06 83
1695920822303 4.998376468341133e-06 84
1695920827233 4.99832871740999e-06 85
1695920841067 4.998280966478847e-06 86
1695920848331 4.998233215547704e-06 87
1695920853590 4.998185464616561e-06 88
1695920857696 4.998137713685417e-06 89
1695920861522 4.998089962754274e-06 90
1695920866191 4.998042211823131e-06 91
1695920870122 4.997994460891988e-06 92
1695920874015 4.9979467099608445e-06 93
1695920877601 4.997898959029701e-06 94
1695920882034 4.997851208098558e-06 95
1695920886048 4.997803457167415e-06 96
1695920893861 4.997755706236272e-06 97
1695920901671 4.997707955305129e-06 98
1695920912288 4.997660204373986e-06 99
1695920921477 4.997612453442843e-06 100
1695920928647 4.997564702511699e-06 101
1695920937413 4.997516951580556e-06 102
1695920944387 4.997469200649413e-06 103
1695920950336 4.9974214497182695e-06 104
1695920957160 4.997373698787127e-06 105
1695920965247 4.997325947855984e-06 106
1695920973001 4.99727819692484e-06 107
1695920980723 4.997230445993697e-06 108
1695920987386 4.997182695062554e-06 109
1695920994152 4.997134944131411e-06 110
1695921000484 4.997087193200268e-06 111
1695921005794 4.997039442269125e-06 112
1695921012609 4.996991691337982e-06 113
1695921020159 4.9969439404068385e-06 114
1695921025429 4.996896189475695e-06 115
1695921030247 4.996848438544552e-06 116
1695921042252 4.996800687613409e-06 117
1695921046349 4.996752936682266e-06 118
1695921050256 4.996705185751122e-06 119
1695921054443 4.996657434819979e-06 120
1695921059759 4.996609683888836e-06 121
1695921063856 4.996561932957693e-06 122
1695921067760 4.99651418202655e-06 123
1695921072127 4.996466431095407e-06 124
1695921076160 4.9964186801642635e-06 125
1695921080278 4.9963709292331204e-06 126
1695921084659 4.996323178301977e-06 127
1695921088698 4.996275427370834e-06 128
1695921093254 4.996227676439691e-06 129
1695921098324 4.996179925508548e-06 130
1695921102786 4.996132174577404e-06 131
1695921118676 1.0000000000000001e-07 1
1695921123126 2.0000000000000002e-07 2
1695921126780 3.0000000000000004e-07 3
1695921130585 4.0000000000000003e-07 4
1695921134528 5.000000000000001e-07 5
1695921138087 6.000000000000001e-07 6
1695921142522 7.000000000000001e-07 7
1695921147019 8.000000000000001e-07 8
1695921150825 9.000000000000001e-07 9
1695921155712 1.0000000000000002e-06 10
1695921159819 1.1e-06 11
1695921164251 1.2000000000000002e-06 12
1695921168582 1.3e-06 13
1695921173437 1.4000000000000001e-06 14
1695921177649 1.5e-06 15
1695921181748 1.6000000000000001e-06 16
1695921232117 1.0000000000000001e-07 1
1695921236566 2.0000000000000002e-07 2
1695921240647 3.0000000000000004e-07 3
1695921245589 4.0000000000000003e-07 4
1695921249686 5.000000000000001e-07 5
1695921254160 6.000000000000001e-07 6
1695921259491 7.000000000000001e-07 7
