1695920312676 3.4007 1
1695920316861 3.439 2
1695920321491 3.3692 3
1695920325398 3.3062 4
1695920330651 3.4944 5
1695920335223 3.394 6
1695920339172 3.2531 7
1695920343306 3.3435 8
1695920347923 3.3463 9
1695920354067 3.2937 10
1695920364698 3.3849 11
1695920371887 3.3872 12
1695920378750 3.3754 13
1695920386707 3.3997 14
1695920393939 3.3479 15
1695920399171 3.4069 16
1695920406769 3.4011 17
1695920411387 3.3307 18
1695920415917 3.4589 19
1695920420109 3.2794 20
1695920424652 3.3436 21
1695920432298 3.4516 22
1695920440766 3.3779 23
1695920458810 3.3427 24
1695920464585 3.3366 25
1695920469446 3.3506 26
1695920473578 3.2545 27
1695920482445 3.5113 28
1695920488999 3.2217 29
1695920493329 3.4057 30
1695920497373 3.2929 31
1695920502405 3.4205 32
1695920506793 3.2482 33
1695920510908 3.2973 34
1695920515351 3.3065 35
1695920520705 3.3773 36
1695920524519 3.426 37
1695920528677 3.2614 38
1695920533533 3.204 39
1695920538345 3.3119 40
1695920542786 3.3171 41
1695920547167 3.3338 42
1695920551332 3.312 43
1695920555390 3.1667 44
1695920560709 3.2796 45
1695920570668 3.1262 46
1695920579064 3.2718 47
1695920583027 3.3117 48
1695920586824 3.2932 49
1695920590376 3.3974 50
1695920594799 3.2644 51
1695920600025 3.2421 52
1695920604490 3.3483 53
1695920607867 3.3172 54
1695920612017 3.3073 55
1695920616449 3.2658 56
1695920620220 3.2937 57
1695920624899 3.3423 58
1695920629399 3.325 59
1695920635154 3.2454 60
1695920639401 3.1909 61
1695920646821 3.2149 62
1695920656666 3.2601 63
1695920666156 3.1622 64
1695920696360 3.2606 65
1695920703294 3.0607 66
1695920709337 3.1659 67
1695920713506 3.2607 68
1695920718330 3.2881 69
1695920723005 3.2453 70
1695920727496 3.1608 71
1695920732396 3.138 72
1695920737193 3.1307 73
1695920742413 3.3487 74
1695920747946 3.3592 75
1695920752789 3.2878 76
1695920761216 3.2453 77
1695920769537 3.0959 78
1695920791628 3.1079 79
1695920800048 3.2683 80
1695920808810 3.1387 81
1695920813124 3.1239 82
1695920817518 3.1939 83
1695920822303 3.0573 84
1695920827233 3.1512 85
1695920841067 3.1593 86
1695920848331 3.0863 87
1695920853590 3.1685 88
1695920857696 3.2412 89
1695920861522 3.0072 90
1695920866191 3.0178 91
1695920870122 3.1255 92
1695920874015 3.1481 93
1695920877601 3.0494 94
1695920882034 3.0059 95
1695920886048 3.0613 96
1695920893861 2.9383 97
1695920901671 3.2892 98
1695920912288 3.1324 99
1695920921477 3.2122 100
1695920928647 3.1435 101
1695920937413 3.1452 102
1695920944387 3.0876 103
1695920950336 3.145 104
1695920957160 3.0396 105
1695920965247 3.2318 106
1695920973001 3.0956 107
1695920980723 3.0692 108
1695920987386 3.1393 109
1695920994152 2.9825 110
1695921000484 2.9259 111
1695921005794 3.0161 112
1695921012609 3.074 113
1695921020159 2.8772 114
1695921025429 2.9121 115
1695921030247 3.0574 116
1695921042252 3.029 117
1695921046349 3.0739 118
1695921050256 2.8754 119
1695921054443 2.7414 120
1695921059759 3.1404 121
1695921063856 3.0807 122
1695921067760 2.9895 123
1695921072127 3.0694 124
1695921076160 2.7771 125
1695921080278 2.8857 126
1695921084659 3.1484 127
1695921088698 3.0432 128
1695921093254 3.0966 129
1695921098324 2.9456 130
1695921102786 3.1313 131
1695921118676 2.9833 1
1695921123126 2.9144 2
1695921126780 3.0401 3
1695921130585 2.9498 4
1695921134528 3.0729 5
1695921138087 2.9288 6
1695921142522 2.949 7
1695921147019 2.8405 8
1695921150825 3.2155 9
1695921155712 3.0969 10
1695921159819 3.0141 11
1695921164251 2.8475 12
1695921168582 2.9923 13
1695921173437 2.9431 14
1695921177649 3.1613 15
1695921181748 2.9367 16
1695921232117 2.9502 1
1695921236566 3.0027 2
1695921240647 2.9684 3
1695921245589 2.8956 4
1695921249686 3.1251 5
1695921254160 3.1417 6
1695921259491 2.8849 7
